Desig,Wt.,Pref,Max,Mach,Turn,FTAS,MaxDesc
FL,Cruise AS,ClimbAS,ClimbRate,DescAS,DescRate
*
A310,H,320,410,0.8,2.2,463,2300
0,154,154,1940,145,1250
30,200,187,2300,190,1290
60,272,272,3130,215,1340
100,289,289,2890,389,1560
200,400,400,2330,400,2170
300,466,466,1430,466,2320
400,458,458,800,458,2220
*
A320,M,350,390,0.78,2.2,458,3200
0,157,157,2140,142,1100
30,200,190,2450,190,1330
60,272,272,3010,215,1370
100,289,289,2750,289,1680
200,400,400,1940,400,2740
300,459,459,1880,459,3830
400,447,447,800,447,2840
*
A330,H,350,410,0.8,2.3,467,2200
0,148,148,2380,140,780
30,200,181,2690,190,1030
60,272,272,3400,221,1060
100,289,289,3070,289,1350
200,400,400,2210,400,2060
300,466,466,1230,466,2170
400,458,458,800,458,2230
*
A340,H,380,410,0.81,2.3,458,2500
0,158,158,1600,154,890
30,200,192,1840,190,1050
60,272,272,2270,215,1090
100,289,289,2070,289,1330
200,364,400,1460,400,1950
300,426,466,730,466,1910
400,458,464,250,464,2180
*
B727,M,320,370,0.78,2.4,474,2600
0,151,151,1780,140,1500
30,200,183,2170,190,1490
60,272,272,3020,214,1550
100,289,289,2680,289,1790
200,463,400,1830,375,1990
300,483,459,1030,437,2240
400,470,447,200,447,2920
*
B73A,M,340,370,0.72,2.5,420,2500
0,142,142,1560,132,1200
30,200,175,1970,190,1260
60,272,272,2820,209,1310
100,289,289,2600,289,1600
200,375,400,1870,375,2110
300,424,424,1330,424,2620
400,412,412,400,412,2380
*
B73C,M,370,450,0.79,2.5,456,2300
0,145,145,1970,132,1470
30,200,178,2430,190,1460
60,272,272,3450,210,1520
100,289,289,3170,289,1800
200,375,375,2460,375,2010
300,437,437,1540,437,2260
400,453,447,810,447,2860
*
B74B,H,370,450,0.85,2.6,481,2700
0,186,186,3010,171,1050
30,200,220,3290,214,1270
60,272,272,3550,240,1340
100,289,289,3310,289,1690
200,387,450,2230,387,2470
300,452,500,1850,452,2700
400,487,487,680,487,1910
*
B757,H,360,420,0.78,2.4,447,3200
0,162,162,1980,144,1260
30,200,196,2310,190,1300
60,272,272,2910,229,1350
100,289,289,2650,289,1570
200,387,387,2010,387,2040
300,452,452,1090,452,2180
400,447,447,500,447,2780
*
B767,H,380,430,0.8,2.5,458,2800
0,164,164,1991,152,1130
30,200,197,2340,190,1120
60,272,272,3000,225,1160
100,289,289,2760,289,1700
200,413,387,2200,387,2090
300,471,452,1230,452,2160
400,458,447,340,447,2610
*
B777,H,400,430,0.84,2.6,481,2000
0,157,157,2060,148,1210
30,200,190,2420,190,1230
60,272,272,3150,220,1290
100,289,289,2870,289,1510
200,387,387,2260,375,1680
300,452,452,1470,437,1910
400,481,481,1110,481,2660
*
BA11,M,280,350,0.72,2.6,421,2600
0,150,150,2070,138,1000
30,200,183,2400,190,1430
60,272,272,2900,215,1430
100,289,289,3680,289,1920
200,400,375,1900,375,2610
300,424,412,1460,412,2590
400,412,401,380,401,2111
*
BE20,M,180,320,0.48,2.7,285,2000
0,134,134,2020,105,410
30,200,151,1920,185,1460
60,251,158,1800,206,1550
100,266,168,1860,237,1670
200,294,191,1260,277,1630
300,283,226,900,294,1750
400,275,275,660,286,1460
*
BE9L,M,160,310,0.4,2.6,238,2400
0,123,123,1980,101,150,,
30,200,157,1610,183,1970,,
60,234,164,1440,210,2080,,
100,249,174,1210,243,2220,,
200,245,177,950,245,1920,,
300,235,210,290,235,1400,,
400,229,229,200,229,1210,,
*
C130,M,240,400,0.61,2.3,325,2700
0,150,150,1980,122,1430,,
30,200,168,1810,180,2390,,
60,240,175,1630,200,2480,,
100,254,186,2580,254,2600,,
200,297,217,780,284,2700,,
300,349,257,400,330,3570,,
400,349,312,200,321,3160,,
*
C421,L,140,235,0.45,3,217,1500
0,110,110,1170,86,470,,
30,178,126,1080,165,1830,,
60,186,132,1010,189,1020,,
100,197,141,920,201,1170,,
200,217,165,630,235,1590,,
300,257,196,250,265,2020,,
400,257,196,250,265,2020,,
*
C550,L,390,430,0.63,3,350,3600
0,122,122,1960,114,1400,,
30,200,154,2450,195,2440,,
60,240,240,3040,220,2530,,
100,254,254,2780,289,3430,,
200,297,297,1970,336,3770,,
300,349,349,940,377,2800,,
400,361,361,1050,367,2360,,
*
CARJ,M,360,410,0.74,2.8,424,2500
0,151,151,2640,145,1000,,
30,200,184,2910,190,1470,,
60,272,272,3360,215,1520,,
100,289,289,2950,289,1980,,
200,387,387,1640,387,2370,,
300,436,436,810,436,3530,,
400,424,424,90,424,2440,,
*
CL60,M,380,410,0.77,3,449,2330
0,139,139,2330,137,1030,,
30,200,171,2780,196,1470,,
60,272,272,3680,220,1520,,
100,289,289,3440,289,1970,,
200,375,336,2710,336,2170,,
300,437,394,1790,394,2360,,
400,441,401,1010,401,1920,,
*
DHC8,M,220,250,0.45,3,267,2600
0,144,144,2020,102,820,,
30,200,172,1720,185,1720,,
60,267,180,1540,210,1780,,
100,283,191,1280,266,2060,,
200,276,202,800,310,2310,,
300,265,194,170,300,2130,,
400,265,194,170,300,2130,,
*
FA50,M,340,420,0.76,2.6,447,3300
0,138,138,2510,128,1470,,
30,200,170,2920,182,2010,,
60,272,254,3600,220,2090,,
100,289,269,3140,289,2700,,
200,425,314,2060,362,3430,,
300,447,369,1140,412,1850,,
400,435,390,720,401,1560,,
*
LJ35,M,410,430,0.77,3,452,3200
0,145,145,2530,132,920,,
30,200,178,2920,185,1270,,
60,272,272,3530,235,1350,,
100,289,289,3180,289,1900,,
200,400,336,2210,400,3330,,
300,453,394,1120,466,3660,,
400,441,401,250,470,2490,,
*
MU2,M,220,280,0.57,3,313,2200
0,123,123,2730,97,1350,,
30,200,146,2630,178,1520,,
60,229,153,2410,218,1580,,
100,243,163,2860,232,1660,,
200,284,191,1370,271,1500,,
300,334,226,1330,319,1790,,
400,334,226,1330,319,1790,,
*
PA28,L,80,120,0.24,3,124,1070
0,79,79,720,61,350,,
30,115,83,590,132,1000,,
60,120,86,450,138,1040,,
100,128,92,250,146,1100,,
200,141,101,40,150,1050,,
300,128,92,250,146,1100,,
400,128,92,250,146,1100,,
*
PA31,L,160,230,0.44,2.8,217,2690
0,115,115,1960,95,460,,
30,167,136,1750,158,2290,,
60,175,142,1590,186,2420,,
100,186,151,1370,197,2600,,
200,217,177,690,231,2810,,
300,257,210,400,259,3380,,
400,257,210,400,259,3387,,
*
PAZT,L,150,200,0.5,3,184,970
0,120,120,1910,96,500,,
30,146,125,1720,116,600,,
60,153,131,1510,131,710,,
100,163,137,1200,139,570,,
200,191,164,520,164,900,,
300,191,164,520,164,900,,
400,191,164,520,164,900,,
*
SW3,M,190,310,0.52,3,281,1990
0,133,133,3880,108,340,,
30,200,183,3060,209,1910,,
60,218,191,2840,218,2020,,
100,232,203,2550,232,1460,,
200,271,237,1780,271,1920,,
300,306,281,1000,294,2170,,
400,306,298,850,286,1530,,